6.690000295639038086e-01
6.710000038146972656e-01
6.729999780654907227e-01
6.750000119209289551e-01
6.800000071525573730e-01
6.660000085830688477e-01
6.079999804496765137e-01
5.210000276565551758e-01
4.880000054836273193e-01
4.580000042915344238e-01
4.300000071525573730e-01
4.079999923706054688e-01
3.869999945163726807e-01
3.689999878406524658e-01
3.529999852180480957e-01
3.379999995231628418e-01
3.249999880790710449e-01
3.129999935626983643e-01
3.050000071525573730e-01
3.479999899864196777e-01
3.420000076293945312e-01
3.370000123977661133e-01
3.319999873638153076e-01
3.269999921321868896e-01
3.230000138282775879e-01
3.190000057220458984e-01
3.149999976158142090e-01
3.120000064373016357e-01
3.079999983310699463e-01
3.050000071525573730e-01
3.030000030994415283e-01
2.969999909400939941e-01
2.989999949932098389e-01
2.969999909400939941e-01
2.949999868869781494e-01
2.930000126361846924e-01
2.919999957084655762e-01
2.910000085830688477e-01
2.899999916553497314e-01
2.899999916553497314e-01
2.890000045299530029e-01
2.890000045299530029e-01
2.890000045299530029e-01
2.890000045299530029e-01
2.899999916553497314e-01
2.910000085830688477e-01
2.910000085830688477e-01
2.919999957084655762e-01
2.939999997615814209e-01
2.960000038146972656e-01
2.969999909400939941e-01
2.989999949932098389e-01
3.019999861717224121e-01
3.039999902248382568e-01
3.070000112056732178e-01
3.109999895095825195e-01
nan
nan
2.750000059604644775e-01
2.610000073909759521e-01
2.500000000000000000e-01
2.389999926090240479e-01
2.300000041723251343e-01
2.109999954700469971e-01
2.039999961853027344e-01
1.969999969005584717e-01
1.909999996423721313e-01
1.850000023841857910e-01
1.800000071525573730e-01
1.749999970197677612e-01
1.700000017881393433e-01
1.659999936819076538e-01
1.580000072717666626e-01
1.570000052452087402e-01
1.550000011920928955e-01
1.529999971389770508e-01
1.519999951124191284e-01
1.509999930858612061e-01
nan
nan
nan
nan
nan
nan
1.822000026702880859e+00
1.815999984741210938e+00
1.761999964714050293e+00
1.702999949455261230e+00
1.652999997138977051e+00
1.603999972343444824e+00
nan
1.514999985694885254e+00
1.480999946594238281e+00
1.445000052452087402e+00
1.411000013351440430e+00
1.381999969482421875e+00
1.355000019073486328e+00
1.340000033378601074e+00
nan
3.829999864101409912e-01
3.650000095367431641e-01
3.600000143051147461e-01
3.580000102519989014e-01
3.619999885559082031e-01
3.720000088214874268e-01
nan
nan
7.630000114440917969e-01
7.400000095367431641e-01
6.940000057220458984e-01
7.210000157356262207e-01
7.419999837875366211e-01
7.469999790191650391e-01
7.409999966621398926e-01
7.329999804496765137e-01
7.289999723434448242e-01
7.260000109672546387e-01
7.170000076293945312e-01
7.239999771118164062e-01
nan
1.616999983787536621e+00
1.616000056266784668e+00
1.618999958038330078e+00
1.625000000000000000e+00
8.909999728202819824e-01
8.679999709129333496e-01
8.709999918937683105e-01
nan
nan
1.447000026702880859e+00
nan
1.583999991416931152e+00
1.720000028610229492e+00
1.185999989509582520e+00
1.184000015258789062e+00
1.190999984741210938e+00
1.524999976158142090e+00
1.531999945640563965e+00
1.659000039100646973e+00
1.661999940872192383e+00
1.914000034332275391e+00
1.300999999046325684e+00
1.120000004768371582e+00
nan
nan
1.577999949455261230e+00
2.134000062942504883e+00
nan
1.276000022888183594e+00
1.279999971389770508e+00
1.281999945640563965e+00
nan
nan
nan
nan
nan
nan
1.899999976158142090e-01
1.899999976158142090e-01
1.850000023841857910e-01
1.870000064373016357e-01
1.879999935626983643e-01
nan
nan
nan
nan
nan
nan
nan
nan
4.329999983310699463e-01
4.329999983310699463e-01
4.449999928474426270e-01
nan
6.729999780654907227e-01
6.700000166893005371e-01
6.600000262260437012e-01
nan
2.867000102996826172e+00
8.991999626159667969e+00
nan
1.034700012207031250e+01
1.031799983978271484e+01
1.036600017547607422e+01
1.038500022888183594e+01
1.041399955749511719e+01
1.048400020599365234e+01
1.043400001525878906e+01
1.048400020599365234e+01
1.066600036621093750e+01
1.057400035858154297e+01
1.066600036621093750e+01
1.024100017547607422e+01
1.022200012207031250e+01
nan
1.056400012969970703e+01
nan
7.202000141143798828e+00
nan
nan
nan
nan
8.015000343322753906e+00
nan
nan
nan
nan
nan
nan
nan
nan
6.138999938964843750e+00
5.980000019073486328e+00
5.803999900817871094e+00
2.999000072479248047e+00
2.959000110626220703e+00
2.927999973297119141e+00
nan
2.851999998092651367e+00
nan
3.135999917984008789e+00
3.117000102996826172e+00
3.200999975204467773e+00
nan
1.562000036239624023e+00
1.085000038146972656e+00
nan
nan
nan
nan
6.710000038146972656e-01
6.660000085830688477e-01
6.660000085830688477e-01
6.660000085830688477e-01
6.660000085830688477e-01
6.669999957084655762e-01
